2 5 
1 3 4 5
2 4 8
2 3 5 7 8
1 2 4 6 7 9
5 9 12 13
4 5 8 9 10 11
3 4 7 10 11
5 6 7 10 13 14
7 8 9 11 14 15 16
7 8 10 16 17
6 13 18
6 9 12 14 18 19
9 10 13 15 19 20
10 14 16 20
10 11 15 17 20 21
11 16 21 22
12 13 19 23
13 14 18 20 23 24
14 15 16 19 21 24 25
16 17 20 22 26 27
17 21 27
18 19 24 37
19 20 23 25 36
20 24 26 33 34 35 36
20 21 25 27 28 29 32 33 
21 22 26 28
26 27 29 30
26 28 30 31 32
28 29
29 32
26 29 31 33
25 26 32 34 48
25 33 35 38 48
25 34 36 37 38
24 25 35 37
23 35 36
34 35 39 45 47 48
38 40 43 44 45
39 41 43 
40 42 43
41
39 40 41 44
43 45
39 43 44
38 39 47
38 45 48
33 34 38 47